255 255 255 254 202  81  65 166 255 255 255 255 255 255 255 255
255 255 255 200  33   1   0   0 156 253 255 255 255 255 255 255
255 254 247 100  34  11   1   1  41 240 255 255 255 255 255 255
239 221 164  27 112  59   1   1  27 207 255 255 255 255 255 255
156  74  32  26  58  14   1   1  28 210 255 255 255 255 255 255
153  69  33  21   1   1   1   0  41 241 255 255 255 254 252 253
249 133  25  24   7   0   0   0  35 191 199 205 211 223 179 204
227 129 121 123  41   0   0   0   9  51  61  70  79  95  38 103
227 200 253 250  99   0   0   0   0   0   0   0   0   1   0  56
254 254 255 231  74   0   1   1   0   0   0   0   0   0   0  40
255 255 255 173  15   1   1   1   0   0   0   0   0   0   0  45
255 255 255 115   0   1   1   1   0   0   0   0   0   0   0  82
255 255 255  85   1   1   1   1   1   1   1   0   0   0   3 157
255 255 255 103   0   1   1   1   1   1   1   0   0   0  62 227
255 255 255 174  15   0   1   1   0   0   0   0   0  35 201 252
255 255 255 247 172  79  53  49  46  45  49  67 125 229 252 255
255 255 255 255 246 210 196 223 255 255 255 255 255 255 255 255
255 255 255 246 215 204 203 187 218 254 255 255 255 255 255 255
255 254 251 215 201 204 204 204 182 248 255 255 255 255 255 255
246 236 200 138 162 207 204 204 185 232 255 255 255 255 255 255
193 148 106 115 146 207 204 204 180 233 255 255 255 255 255 255
178 127 106 100 158 204 204 200 166 248 255 255 255 255 253 254
250 157  86  89 127 203 199 182 157 231 235 237 239 243 229 237
236 161 151 163 164 187 179 164 174 198 203 206 209 215 200 209
236 220 254 253 200 180 183 183 197 203 200 202 203 204 206 199
254 254 255 247 205 199 203 203 197 192 181 176 177 186 199 183
255 255 255 231 201 204 204 204 205 205 194 184 161 156 188 174
255 255 255 220 203 204 204 204 206 208 205 211 180 148 174 181
255 255 255 207 202 204 204 204 204 204 204 205 169 152 158 211
255 255 255 209 200 204 204 204 204 204 204 185 158 151 166 241
255 255 255 227 187 202 204 204 202 192 170 159 150 150 228 253
255 255 255 252 225 195 192 191 185 180 180 182 198 242 253 255
255 255 255 255 252 245 244 248 255 255 255 255 255 255 255 255
255 255 255 253 248 247 246 243 248 254 255 255 255 255 255 255
255 255 254 247 237 245 247 247 241 253 255 255 255 255 255 255
253 252 247 228 175 237 247 247 242 250 255 255 255 255 255 255
245 241 232 224 173 246 247 247 241 250 255 255 255 255 255 255
241 234 231 228 236 247 247 245 238 253 255 255 255 255 254 254
253 226 211 221 230 246 245 242 237 250 251 251 252 252 250 251
249 223 216 231 237 243 241 239 240 245 245 246 247 248 245 246
250 248 254 254 244 241 243 243 244 246 246 246 246 247 247 245
255 255 255 253 246 245 247 247 243 241 238 237 239 243 245 241
255 255 255 250 246 247 247 247 245 245 242 239 232 234 243 240
255 255 255 248 246 247 247 247 247 247 247 247 237 232 240 241
255 255 255 242 245 247 247 247 247 247 247 246 234 234 237 246
255 255 255 245 245 247 247 247 247 247 247 240 232 235 238 252
255 255 255 249 243 246 247 247 245 243 236 234 234 235 249 254
255 255 255 254 249 244 243 244 242 242 241 241 244 252 254 255

255 255 255 255 255 253 201 101  56  40  46  84 160 229 253 255
255 255 255 255 255 252 174  37   1   0   0   0   3  65 206 254
255 255 255 255 255 255 220  91   1   0   0   0   0   0  36 236
255 255 255 255 255 255 208  75   1   0   0   0   0   0   0 130
255 255 255 255 255 255 202  66   0   0   0   1   1   0   0  70
255 255 255 255 255 255 195  58   0   0   0   1   1   1   0  51
255 254 239 207 211 242 187  49   1   1   1   1   1   1   0  47
252 153  41  27  29  42  34   9   1   1   0   1   1   1   0  48
161   1   1   1   1   1   0   0   1   1   1   1   1   1   1  51
 63   1   1   1   1   1   1   0   1   1   1   1   1   1   1  56
 79   1  14  58  14   1   1   1   0   1   1   1   1   1   0  83
197  34  38 111  56   2   7  44 101  72  15   1   2   1  16 177
253 198  98  28  27  22  24 130 251 230 171 113  85 105 177 250
255 255 246 160  33  33  25 128 254 255 255 255 255 255 255 255
255 255 255 216  73  73 133 130 204 255 255 255 255 255 255 255
255 255 255 237 155 158 249 226 230 255 255 255 255 255 255 255
255 255 255 255 255 254 236 209 199 183 174 182 212 243 254 255
255 255 255 255 255 254 228 201 207 200 188 174 158 167 231 254
255 255 255 255 255 255 242 215 204 186 155 149 153 151 150 245
255 255 255 255 255 255 238 209 203 177 162 181 169 158 150 200
255 255 255 255 255 255 236 206 202 176 185 212 205 185 158 184
255 255 255 255 255 255 234 203 200 181 195 205 204 204 170 181
255 255 248 233 234 248 230 199 203 192 207 208 204 204 192 180
254 217 183 186 180 166 157 175 198 197 206 207 204 204 202 185
222 188 204 204 204 200 181 165 184 204 204 204 204 204 204 191
197 204 204 204 204 204 199 178 184 204 204 204 204 204 204 192
210 204 204 207 207 204 204 186 181 200 204 204 204 204 202 195
245 215 200 161 148 157 129 166 200 206 202 204 202 200 187 227
255 246 213 138 116 100  90 169 253 247 231 220 207 210 228 253
255 255 250 197 107 106  86 157 254 255 255 255 255 255 255 255
255 255 255 234 147 129 156 163 223 255 255 255 255 255 255 255
255 255 255 245 192 182 250 235 238 255 255 255 255 255 255 255
255 255 255 255 255 255 251 247 245 242 240 242 247 253 255 255
255 255 255 255 255 255 250 245 247 245 243 240 238 238 250 255
255 255 255 255 255 255 252 248 247 243 234 232 235 236 236 253
255 255 255 255 255 255 252 247 247 239 233 237 234 233 235 245
255 255 255 255 255 255 251 247 246 237 240 247 247 241 234 242
255 255 255 255 255 255 251 246 246 238 243 247 247 247 236 242
255 255 253 251 251 253 250 245 247 242 245 248 247 247 243 242
255 248 242 243 242 239 237 240 245 244 246 247 247 247 246 242
248 243 247 247 247 246 242 239 243 247 247 247 247 247 247 244
244 247 247 247 247 247 246 242 243 247 247 247 247 247 247 244
246 247 245 238 246 247 247 243 242 246 247 247 247 247 246 244
253 248 235 174 176 237 230 238 245 246 246 246 245 246 243 250
255 253 247 228 225 228 221 232 255 253 250 248 243 246 250 255
255 255 254 247 232 231 210 219 255 255 255 255 255 255 255 255
255 255 255 253 241 234 226 224 249 255 255 255 255 255 255 255
255 255 255 254 245 242 254 249 251 255 255 255 255 255 255 255

255 252 229 125  67  49  45  46  49  53  79 172 247 255 255 255
252 201  35   0   0   0   0   0   1   1   0  15 174 255 255 255
227  62   0   0   0   1   1   1   1   1   1   0 103 255 255 255
157   3   0   0   0   1   1   1   1   1   1   1  85 255 255 255
 82   0   0   0   0   0   0   0   1   1   1   0 115 255 255 255
 45   0   0   0   0   0   0   0   1   1   1  15 173 255 255 255
 40   0   0   0   0   0   0   0   1   1   0  74 231 255 254 254
 56   0   1   0   0   0   0   0   0   0   0  99 250 253 200 227
103  38  95  79  70  61  51   9   0   0   0  41 123 121 129 227
204 179 223 211 205 199 191  35   0   0   0   7  24  25 133 249
253 252 254 255 255 255 241  41   0   1   1   1  21  33  69 153
255 255 255 255 255 255 210  28   1   1  14  58  26  32  74 156
255 255 255 255 255 255 207  27   1   1  59 112  27 164 221 239
255 255 255 255 255 255 240  41   1   1  11  34 100 247 254 255
255 255 255 255 255 255 253 156   0   0   1  33 200 255 255 255
255 255 255 255 255 255 255 255 166  65  81 202 254 255 255 255
255 253 242 198 182 180 180 185 191 192 195 225 252 255 255 255
253 228 150 150 159 170 192 202 204 204 202 187 227 255 255 255
241 166 151 158 185 204 204 204 204 204 204 200 209 255 255 255
211 158 152 169 205 204 204 204 204 204 204 202 207 255 255 255
181 174 148 180 211 205 208 206 204 204 204 203 220 255 255 255
174 188 156 161 184 194 205 205 204 204 204 201 231 255 255 255
183 199 186 177 176 181 192 197 203 203 199 205 247 255 254 254
199 206 204 203 202 200 203 197 183 183 180 200 253 254 220 236
209 200 215 209 206 203 198 174 164 179 187 164 163 151 161 236
237 229 243 239 237 235 231 157 182 199 203 127  89  86 157 250
254 253 255 255 255 255 248 166 200 204 204 158 100 106 127 178
255 255 255 255 255 255 233 180 204 204 207 146 115 106 148 193
255 255 255 255 255 255 232 185 204 204 207 162 138 200 236 246
255 255 255 255 255 255 248 182 204 204 204 201 215 251 254 255
255 255 255 255 255 255 254 218 187 203 204 215 246 255 255 255
255 255 255 255 255 255 255 255 223 196 210 246 255 255 255 255
255 254 252 244 241 241 242 242 244 243 244 249 254 255 255 255
254 249 235 234 234 236 243 245 247 247 246 243 249 255 255 255
252 238 235 232 240 247 247 247 247 247 247 245 245 255 255 255
246 237 234 234 246 247 247 247 247 247 247 245 242 255 255 255
241 240 232 237 247 247 247 247 247 247 247 246 248 255 255 255
240 243 234 232 239 242 245 245 247 247 247 246 250 255 255 255
241 245 243 239 237 238 241 243 247 247 245 246 253 255 255 255
245 247 247 246 246 246 246 244 243 243 241 244 254 254 248 250
246 245 248 247 246 245 245 240 239 241 243 237 231 216 223 249
251 250 252 252 251 251 250 237 242 245 246 230 221 211 226 253
254 254 255 255 255 255 253 238 245 247 247 236 228 231 234 241
255 255 255 255 255 255 250 241 247 247 246 173 224 232 241 245
255 255 255 255 255 255 250 242 247 247 237 175 228 247 252 253
255 255 255 255 255 255 253 241 247 247 245 237 247 254 255 255
255 255 255 255 255 255 254 248 243 246 247 248 253 255 255 255
255 255 255 255 255 255 255 255 248 244 245 252 255 255 255 255

255 255 255 255 255 255 255 230 226 249 158 155 237 255 255 255
255 255 255 255 255 255 255 204 130 133  73  73 216 255 255 255
255 255 255 255 255 255 255 254 128  25  33  33 160 246 255 255
250 177 105  85 113 171 230 251 130  24  22  27  28  98 198 253
177  16   1   2   1  15  72 101  44   7   2  56 111  38  34 197
 83   0   1   1   1   1   1   0   1   1   1  14  58  14   1  79
 56   1   1   1   1   1   1   1   0   1   1   1   1   1   1  63
 51   1   1   1   1   1   1   1   0   0   1   1   1   1   1 161
 48   0   1   1   1   0   1   1   9  34  42  29  27  41 153 252
 47   0   1   1   1   1   1   1  49 187 242 211 207 239 254 255
 51   0   1   1   1   0   0   0  58 195 255 255 255 255 255 255
 70   0   0   1   1   0   0   0  66 202 255 255 255 255 255 255
130   0   0   0   0   0   0   1  75 208 255 255 255 255 255 255
236  36   0   0   0   0   0   1  91 220 255 255 255 255 255 255
254 206  65   3   0   0   0   1  37 174 252 255 255 255 255 255
255 253 229 160  84  46  40  56 101 201 253 255 255 255 255 255
255 255 255 255 255 255 255 238 235 250 182 192 245 255 255 255
255 255 255 255 255 255 255 223 163 156 129 147 234 255 255 255
255 255 255 255 255 255 255 254 157  86 106 107 197 250 255 255
253 228 210 207 220 231 247 253 169  90 100 116 138 213 246 255
227 187 200 202 204 202 206 200 166 129 157 148 161 200 215 245
195 202 204 204 204 204 200 181 186 204 204 207 207 204 204 210
192 204 204 204 204 204 204 184 178 199 204 204 204 204 204 197
191 204 204 204 204 204 204 184 165 181 200 204 204 204 188 222
185 202 204 204 207 206 197 198 175 157 166 180 186 183 217 254
180 192 204 204 208 207 192 203 199 230 248 234 233 248 255 255
181 170 204 204 205 195 181 200 203 234 255 255 255 255 255 255
184 158 185 205 212 185 176 202 206 236 255 255 255 255 255 255
200 150 158 169 181 162 177 203 209 238 255 255 255 255 255 255
245 150 151 153 149 155 186 204 215 242 255 255 255 255 255 255
254 231 167 158 174 188 200 207 201 228 254 255 255 255 255 255
255 254 243 212 182 174 183 199 209 236 254 255 255 255 255 255
255 255 255 255 255 255 255 251 249 254 242 245 254 255 255 255
255 255 255 255 255 255 255 249 224 226 234 241 253 255 255 255
255 255 255 255 255 255 255 255 219 210 231 232 247 254 255 255
255 250 246 243 248 250 253 255 232 221 228 225 228 247 253 255
250 243 246 245 246 246 246 245 238 230 237 176 174 235 248 253
244 246 247 247 247 247 246 242 243 247 247 246 238 245 247 246
244 247 247 247 247 247 247 243 242 246 247 247 247 247 247 244
244 247 247 247 247 247 247 243 239 242 246 247 247 247 243 248
242 246 247 247 247 246 244 245 240 237 239 242 243 242 248 255
242 243 247 247 248 245 242 247 245 250 253 251 251 253 255 255
242 236 247 247 247 243 238 246 246 251 255 255 255 255 255 255
242 234 241 247 247 240 237 246 247 251 255 255 255 255 255 255
245 235 233 234 237 233 239 247 247 252 255 255 255 255 255 255
253 236 236 235 232 234 243 247 248 252 255 255 255 255 255 255
255 250 238 238 240 243 245 247 245 250 255 255 255 255 255 255
255 255 253 247 242 240 242 245 247 251 255 255 255 255 255 255
